0 0 0.000851231 707.107
0 100 0.00108627 640.312
0 1000 0.00085123 707.107
0 150 0.00114268 610.328
0 200 0.00119845 583.095
0 250 0.00125182 559.017
0 300 0.00130059 538.516
0 350 0.00134232 522.015
0 400 0.00137446 509.902
0 450 0.00139478 502.494
0 50 0.00103059 672.681
0 500 0.00140174 500
0 550 0.00139478 502.494
0 600 0.00137446 509.902
0 650 0.00134232 522.015
0 700 0.00130059 538.516
0 750 0.00125182 559.017
0 800 0.00119845 583.095
0 850 0.00114268 610.328
0 900 0.00108627 640.312
0 950 0.00103059 672.681
1000 0 0.000851231 707.107
1000 100 0.00108627 640.312
1000 1000 0.00085123 707.107
1000 150 0.00114268 610.328
1000 200 0.00119845 583.095
1000 250 0.00125182 559.017
1000 300 0.0013006 538.516
1000 350 0.00134232 522.015
1000 400 0.00137446 509.902
1000 450 0.00139478 502.494
1000 50 0.00103059 672.681
1000 500 0.00140174 500
1000 550 0.00139478 502.494
1000 600 0.00137446 509.902
1000 650 0.00134232 522.015
1000 700 0.00130059 538.516
1000 750 0.00125182 559.017
1000 800 0.00119845 583.095
1000 850 0.00114268 610.328
1000 900 0.00108627 640.312
1000 950 0.00103059 672.681
100 0 0.00108629 640.312
100 100 0.00131771 565.685
100 1000 0.00108628 640.312
100 150 0.00135942 531.507
100 200 0.0014016 500
100 250 0.00144303 471.699
100 300 0.001482 447.214
100 350 0.00151632 427.2
100 400 0.00154345 412.311
100 450 0.00156096 403.113
100 50 0.00127727 602.08
100 500 0.00156702 400
100 550 0.00156096 403.113
100 600 0.00154346 412.311
100 650 0.00151632 427.2
100 700 0.001482 447.214
100 750 0.00144303 471.699
100 800 0.0014016 500
100 850 0.00135942 531.507
100 900 0.00131771 565.685
100 950 0.00127727 602.08
150 0 0.00114269 610.328
150 100 0.00135942 531.507
150 1000 0.00114269 610.328
150 150 0.00140869 494.975
150 200 0.00145971 460.977
150 250 0.00151117 430.116
150 300 0.00156096 403.113
150 350 0.00160607 380.789
150 400 0.00164267 364.005
150 450 0.00166678 353.553
150 50 0.00131261 570.088
150 500 0.00167521 350
150 550 0.00166678 353.553
150 600 0.00164267 364.005
150 650 0.00160607 380.789
150 700 0.00156096 403.113
150 750 0.00151117 430.116
150 800 0.00145971 460.977
150 850 0.00140869 494.975
150 900 0.00135942 531.507
150 950 0.00131261 570.088
200 0 0.00119846 583.095
200 100 0.0014016 500
200 1000 0.00119846 583.095
200 150 0.00145971 460.977
200 200 0.00152156 424.264
200 250 0.00158595 390.512
200 300 0.00165052 360.555
200 350 0.00171126 335.41
200 400 0.0017624 316.228
200 450 0.00179708 304.138
200 50 0.00134765 540.833
200 500 0.00180943 300
200 550 0.00179708 304.138
200 600 0.0017624 316.228
200 650 0.00171126 335.41
200 700 0.00165051 360.555
200 750 0.00158595 390.512
200 800 0.00152156 424.264
200 850 0.00145971 460.977
200 900 0.0014016 500
200 950 0.00134765 540.833
250 0 0.00125182 559.017
250 100 0.00144303 471.699
250 1000 0.00125182 559.017
250 150 0.00151117 430.116
250 200 0.00158595 390.512
250 250 0.00166678 353.553
250 300 0.00175155 320.156
250 350 0.00183547 291.548
250 400 0.00190993 269.258
250 450 0.00196278 254.951
250 50 0.00138133 514.782
250 500 0.00198212 250
250 550 0.00196278 254.951
250 600 0.00190993 269.258
250 650 0.00183547 291.548
250 700 0.00175155 320.156
250 750 0.00166678 353.553
250 800 0.00158595 390.512
250 850 0.00151117 430.116
250 900 0.00144303 471.699
250 950 0.00138133 514.782
300 0 0.0013006 538.516
300 100 0.001482 447.214
300 1000 0.0013006 538.516
300 150 0.00156096 403.113
300 200 0.00165052 360.555
300 250 0.00175155 320.156
300 300 0.0018635 282.843
300 350 0.00198212 250
300 400 0.00209582 223.607
300 450 0.00218271 206.155
300 50 0.00141231 492.443
300 500 0.00221604 200
300 550 0.00218271 206.155
300 600 0.00209582 223.607
300 650 0.00198212 250
300 700 0.0018635 282.843
300 750 0.00175155 320.156
300 800 0.00165051 360.555
300 850 0.00156096 403.113
300 900 0.001482 447.214
300 950 0.00141231 492.443
350 0 0.00134232 522.015
350 100 0.00151632 427.2
350 1000 0.00134232 522.015
350 150 0.00160607 380.789
350 200 0.00171126 335.41
350 250 0.00183547 291.548
350 300 0.00198212 250
350 350 0.00215175 212.132
350 400 0.00233409 180.278
350 450 0.00249228 158.114
350 50 0.001439 474.342
350 500 0.00255878 150
350 550 0.00249228 158.114
350 600 0.00233409 180.278
350 650 0.00215175 212.132
350 700 0.00198212 250
350 750 0.00183547 291.548
350 800 0.00171126 335.41
350 850 0.00160607 380.789
350 900 0.00151632 427.2
350 950 0.001439 474.342
400 0 0.00137446 509.902
400 100 0.00154346 412.311
400 1000 0.00137446 509.902
400 150 0.00164267 364.005
400 200 0.0017624 316.228
400 250 0.00190993 269.258
400 300 0.00209582 223.607
400 350 0.00233409 180.278
400 400 0.00263522 141.421
400 450 0.00296365 111.803
400 50 0.00145971 460.977
400 500 0.00313357 100
400 550 0.00296365 111.803
400 600 0.00263522 141.421
400 650 0.00233409 180.278
400 700 0.00209582 223.607
400 750 0.00190992 269.258
400 800 0.0017624 316.228
400 850 0.00164267 364.005
400 900 0.00154346 412.311
400 950 0.00145971 460.977
450 0 0.00139478 502.494
450 100 0.00156096 403.113
450 1000 0.00139478 502.494
450 150 0.00166678 353.553
450 200 0.00179708 304.138
450 250 0.00196278 254.951
450 300 0.00218271 206.155
450 350 0.00249228 158.114
450 400 0.00296365 111.803
450 450 0.00372599 70.7107
450 50 0.00147288 452.769
450 500 0.00441382 50
450 550 0.00372599 70.7107
450 600 0.00296365 111.803
450 650 0.00249228 158.114
450 700 0.00218271 206.155
450 750 0.00196278 254.951
450 800 0.00179708 304.138
450 850 0.00166678 353.553
450 900 0.00156096 403.113
450 950 0.00147288 452.769
500 0 0.00140174 500
500 100 0.00156702 400
500 1000 0.00140174 500
500 150 0.00167521 350
500 200 0.00180943 300
500 250 0.00198212 250
500 300 0.00221604 200
500 350 0.00255878 150
500 400 0.00313357 100
500 450 0.00441382 50
500 50 0.00147741 450
500 550 0.00441382 50
500 600 0.00313357 100
500 650 0.00255878 150
500 700 0.00221604 200
500 750 0.00198212 250
500 800 0.00180943 300
500 850 0.00167521 350
500 900 0.00156702 400
500 950 0.00147741 450
550 0 0.00139478 502.494
550 100 0.00156096 403.113
550 1000 0.00139478 502.494
550 150 0.00166678 353.553
550 200 0.00179708 304.138
550 250 0.00196278 254.951
550 300 0.00218271 206.155
550 350 0.00249228 158.114
550 400 0.00296365 111.803
550 450 0.00372599 70.7107
550 50 0.00147288 452.769
550 500 0.00441382 50
550 550 0.00372599 70.7107
550 600 0.00296365 111.803
550 650 0.00249228 158.114
550 700 0.00218271 206.155
550 750 0.00196278 254.951
550 800 0.00179708 304.138
550 850 0.00166678 353.553
550 900 0.00156096 403.113
550 950 0.00147288 452.769
50 0 0.0010306 672.681
50 100 0.00127727 602.08
50 1000 0.0010306 672.681
50 150 0.00131261 570.088
50 200 0.00134765 540.833
50 250 0.00138133 514.782
50 300 0.00141231 492.443
50 350 0.001439 474.342
50 400 0.00145971 460.977
50 450 0.00147288 452.769
50 50 0.00124237 636.396
50 500 0.00147741 450
50 550 0.00147288 452.769
50 600 0.00145971 460.977
50 650 0.001439 474.342
50 700 0.00141231 492.443
50 750 0.00138133 514.782
50 800 0.00134765 540.833
50 850 0.00131261 570.088
50 900 0.00127727 602.08
50 950 0.00124237 636.396
600 0 0.00137446 509.902
600 100 0.00154346 412.311
600 1000 0.00137446 509.902
600 150 0.00164267 364.005
600 200 0.0017624 316.228
600 250 0.00190993 269.258
600 300 0.00209582 223.607
600 350 0.00233409 180.278
600 400 0.00263522 141.421
600 450 0.00296365 111.803
600 50 0.00145971 460.977
600 500 0.00313357 100
600 550 0.00296365 111.803
600 600 0.00263522 141.421
600 650 0.00233409 180.278
600 700 0.00209582 223.607
600 750 0.00190993 269.258
600 800 0.0017624 316.228
600 850 0.00164267 364.005
600 900 0.00154346 412.311
600 950 0.00145971 460.977
650 0 0.00134232 522.015
650 100 0.00151632 427.2
650 1000 0.00134232 522.015
650 150 0.00160607 380.789
650 200 0.00171126 335.41
650 250 0.00183547 291.548
650 300 0.00198212 250
650 350 0.00215175 212.132
650 400 0.00233409 180.278
650 450 0.00249228 158.114
650 50 0.001439 474.342
650 500 0.00255878 150
650 550 0.00249228 158.114
650 600 0.00233409 180.278
650 650 0.00215175 212.132
650 700 0.00198212 250
650 750 0.00183547 291.548
650 800 0.00171126 335.41
650 850 0.00160607 380.789
650 900 0.00151632 427.2
650 950 0.001439 474.342
700 0 0.0013006 538.516
700 100 0.001482 447.214
700 1000 0.0013006 538.516
700 150 0.00156096 403.113
700 200 0.00165052 360.555
700 250 0.00175155 320.156
700 300 0.0018635 282.843
700 350 0.00198212 250
700 400 0.00209582 223.607
700 450 0.00218271 206.155
700 50 0.00141231 492.443
700 500 0.00221604 200
700 550 0.00218271 206.155
700 600 0.00209582 223.607
700 650 0.00198212 250
700 700 0.0018635 282.843
700 750 0.00175155 320.156
700 800 0.00165052 360.555
700 850 0.00156096 403.113
700 900 0.001482 447.214
700 950 0.00141231 492.443
750 0 0.00125182 559.017
750 100 0.00144303 471.699
750 1000 0.00125182 559.017
750 150 0.00151117 430.116
750 200 0.00158595 390.512
750 250 0.00166678 353.553
750 300 0.00175155 320.156
750 350 0.00183547 291.548
750 400 0.00190993 269.258
750 450 0.00196278 254.951
750 50 0.00138133 514.782
750 500 0.00198212 250
750 550 0.00196278 254.951
750 600 0.00190993 269.258
750 650 0.00183547 291.548
750 700 0.00175155 320.156
750 750 0.00166678 353.553
750 800 0.00158595 390.512
750 850 0.00151117 430.116
750 900 0.00144303 471.699
750 950 0.00138133 514.782
800 0 0.00119846 583.095
800 100 0.0014016 500
800 1000 0.00119846 583.095
800 150 0.00145971 460.977
800 200 0.00152156 424.264
800 250 0.00158595 390.512
800 300 0.00165052 360.555
800 350 0.00171126 335.41
800 400 0.0017624 316.228
800 450 0.00179708 304.138
800 50 0.00134765 540.833
800 500 0.00180943 300
800 550 0.00179708 304.138
800 600 0.0017624 316.228
800 650 0.00171126 335.41
800 700 0.00165052 360.555
800 750 0.00158595 390.512
800 800 0.00152156 424.264
800 850 0.00145971 460.977
800 900 0.0014016 500
800 950 0.00134765 540.833
850 0 0.00114269 610.328
850 100 0.00135942 531.507
850 1000 0.00114269 610.328
850 150 0.00140869 494.975
850 200 0.00145971 460.977
850 250 0.00151117 430.116
850 300 0.00156096 403.113
850 350 0.00160607 380.789
850 400 0.00164267 364.005
850 450 0.00166678 353.553
850 50 0.00131261 570.088
850 500 0.00167522 350
850 550 0.00166678 353.553
850 600 0.00164267 364.005
850 650 0.00160607 380.789
850 700 0.00156096 403.113
850 750 0.00151117 430.116
850 800 0.00145971 460.977
850 850 0.00140869 494.975
850 900 0.00135942 531.507
850 950 0.00131261 570.088
900 0 0.00108629 640.312
900 100 0.00131771 565.685
900 1000 0.00108628 640.312
900 150 0.00135942 531.507
900 200 0.0014016 500
900 250 0.00144303 471.699
900 300 0.001482 447.214
900 350 0.00151632 427.2
900 400 0.00154346 412.311
900 450 0.00156096 403.113
900 50 0.00127727 602.08
900 500 0.00156703 400
900 550 0.00156096 403.113
900 600 0.00154346 412.311
900 650 0.00151632 427.2
900 700 0.001482 447.214
900 750 0.00144303 471.699
900 800 0.0014016 500
900 850 0.00135942 531.507
900 900 0.00131771 565.685
900 950 0.00127727 602.08
950 0 0.0010306 672.681
950 100 0.00127727 602.08
950 1000 0.0010306 672.681
950 150 0.00131261 570.088
950 200 0.00134765 540.833
950 250 0.00138133 514.782
950 300 0.00141231 492.443
950 350 0.001439 474.342
950 400 0.00145971 460.977
950 450 0.00147288 452.769
950 50 0.00124237 636.396
950 500 0.00147741 450
950 550 0.00147288 452.769
950 600 0.00145971 460.977
950 650 0.001439 474.342
950 700 0.00141231 492.443
950 750 0.00138133 514.782
950 800 0.00134765 540.833
950 850 0.00131261 570.088
950 900 0.00127727 602.08
950 950 0.00124237 636.396
