0 0 235.601 707.107
0 100 213.456 640.312
0 1000 235.601 707.107
0 150 203.463 610.328
0 200 194.387 583.095
0 250 186.362 559.017
0 300 179.53 538.516
0 350 174.031 522.015
0 400 169.994 509.902
0 450 167.525 502.494
0 50 224.244 672.681
0 500 166.693 500
0 550 167.525 502.494
0 600 169.994 509.902
0 650 174.031 522.015
0 700 179.53 538.516
0 750 186.362 559.017
0 800 194.387 583.095
0 850 203.463 610.328
0 900 213.456 640.312
0 950 224.244 672.681
1000 0 235.601 707.107
1000 100 213.456 640.312
1000 1000 235.601 707.107
1000 150 203.463 610.328
1000 200 194.387 583.095
1000 250 186.362 559.017
1000 300 179.53 538.516
1000 350 174.031 522.015
1000 400 169.994 509.902
1000 450 167.525 502.494
1000 50 224.244 672.681
1000 500 166.693 500
1000 550 167.525 502.494
1000 600 169.994 509.902
1000 650 174.031 522.015
1000 700 179.53 538.516
1000 750 186.362 559.017
1000 800 194.387 583.095
1000 850 203.463 610.328
1000 900 213.456 640.312
1000 950 224.244 672.681
100 0 213.448 640.312
100 100 188.583 565.685
100 1000 213.448 640.312
100 150 177.192 531.507
100 200 166.691 500
100 250 157.259 471.699
100 300 149.098 447.214
100 350 142.428 427.2
100 400 137.466 412.311
100 450 134.401 403.113
100 50 200.713 602.08
100 500 133.363 400
100 550 134.401 403.113
100 600 137.466 412.311
100 650 142.428 427.2
100 700 149.098 447.214
100 750 157.259 471.699
100 800 166.691 500
100 850 177.192 531.507
100 900 188.583 565.685
100 950 200.713 602.08
150 0 203.455 610.328
150 100 177.192 531.507
150 1000 203.455 610.328
150 150 165.016 494.975
150 200 153.686 460.977
150 250 143.4 430.116
150 300 134.401 403.113
150 350 126.96 380.789
150 400 121.367 364.005
150 450 117.883 353.553
150 50 190.05 570.088
150 500 116.699 350
150 550 117.883 353.553
150 600 121.367 364.005
150 650 126.96 380.789
150 700 134.401 403.113
150 750 143.4 430.116
150 800 153.686 460.977
150 850 165.016 494.975
150 900 177.192 531.507
150 950 190.05 570.088
200 0 194.379 583.095
200 100 166.691 500
200 1000 194.379 583.095
200 150 153.686 460.977
200 200 141.45 424.264
200 250 130.201 390.512
200 300 120.217 360.555
200 350 111.837 335.41
200 400 105.444 316.228
200 450 101.414 304.138
200 50 180.3 540.833
200 500 100.035 300
200 550 101.414 304.138
200 600 105.444 316.228
200 650 111.837 335.41
200 700 120.217 360.555
200 750 130.201 390.512
200 800 141.45 424.264
200 850 153.686 460.977
200 900 166.691 500
200 950 180.3 540.833
250 0 186.355 559.017
250 100 157.259 471.699
250 1000 186.355 559.017
250 150 143.4 430.116
250 200 130.201 390.512
250 250 117.883 353.553
250 300 106.753 320.156
250 350 97.2183 291.548
250 400 89.7899 269.258
250 450 85.0217 254.951
250 50 171.618 514.782
250 500 83.3717 250
250 550 85.0217 254.951
250 600 89.7899 269.258
250 650 97.2183 291.548
250 700 106.753 320.156
250 750 117.883 353.553
250 800 130.201 390.512
250 850 143.4 430.116
250 900 157.259 471.699
250 950 171.618 514.782
300 0 179.522 538.516
300 100 149.098 447.214
300 1000 179.522 538.516
300 150 134.4 403.113
300 200 120.217 360.555
300 250 106.753 320.156
300 300 94.3172 282.843
300 350 83.3717 250
300 400 74.5757 223.607
300 450 68.7598 206.155
300 50 164.173 492.443
300 500 66.7086 200
300 550 68.7598 206.155
300 600 74.5757 223.607
300 650 83.3717 250
300 700 94.3172 282.843
300 750 106.753 320.156
300 800 120.217 360.555
300 850 134.401 403.113
300 900 149.098 447.214
300 950 164.173 492.443
350 0 174.023 522.015
350 100 142.428 427.2
350 1000 174.023 522.015
350 150 126.96 380.789
350 200 111.837 335.41
350 250 97.2183 291.548
350 300 83.3717 250
350 350 70.7516 212.132
350 400 60.136 180.278
350 450 52.7502 158.114
350 50 158.14 474.342
350 500 50.0464 150
350 550 52.7502 158.114
350 600 60.136 180.278
350 650 70.7516 212.132
350 700 83.3717 250
350 750 97.2183 291.548
350 800 111.837 335.41
350 850 126.96 380.789
350 900 142.428 427.2
350 950 158.14 474.342
400 0 169.986 509.902
400 100 137.466 412.311
400 1000 169.986 509.902
400 150 121.367 364.005
400 200 105.444 316.228
400 250 89.7899 269.258
400 300 74.5757 223.607
400 350 60.136 180.278
400 400 47.1878 141.421
400 450 37.319 111.803
400 50 153.686 460.977
400 500 33.3865 100
400 550 37.319 111.803
400 600 47.1878 141.421
400 650 60.136 180.278
400 700 74.5757 223.607
400 750 89.7899 269.258
400 800 105.444 316.228
400 850 121.367 364.005
400 900 137.466 412.311
400 950 153.686 460.977
450 0 167.517 502.494
450 100 134.401 403.113
450 1000 167.517 502.494
450 150 117.883 353.553
450 200 101.414 304.138
450 250 85.0217 254.951
450 300 68.7598 206.155
450 350 52.7502 158.114
450 400 37.319 111.803
450 450 23.6297 70.7107
450 50 150.95 452.769
450 500 16.7757 50
450 550 23.6297 70.7107
450 600 37.319 111.803
450 650 52.7502 158.114
450 700 68.7598 206.155
450 750 85.0217 254.951
450 800 101.414 304.138
450 850 117.883 353.553
450 900 134.401 403.113
450 950 150.95 452.769
500 0 166.686 500
500 100 133.363 400
500 1000 166.686 500
500 150 116.699 350
500 200 100.035 300
500 250 83.3717 250
500 300 66.7086 200
500 350 50.0464 150
500 400 33.3865 100
500 450 16.7757 50
500 50 150.027 450
500 550 16.7757 50
500 600 33.3865 100
500 650 50.0464 150
500 700 66.7086 200
500 750 83.3717 250
500 800 100.035 300
500 850 116.699 350
500 900 133.363 400
500 950 150.027 450
550 0 167.517 502.494
550 100 134.401 403.113
550 1000 167.517 502.494
550 150 117.883 353.553
550 200 101.414 304.138
550 250 85.0217 254.951
550 300 68.7598 206.155
550 350 52.7502 158.114
550 400 37.319 111.803
550 450 23.6297 70.7107
550 50 150.95 452.769
550 500 16.7757 50
550 550 23.6297 70.7107
550 600 37.319 111.803
550 650 52.7502 158.114
550 700 68.7598 206.155
550 750 85.0217 254.951
550 800 101.414 304.138
550 850 117.883 353.553
550 900 134.401 403.113
550 950 150.95 452.769
50 0 224.236 672.681
50 100 200.713 602.08
50 1000 224.236 672.681
50 150 190.05 570.088
50 200 180.3 540.833
50 250 171.618 514.782
50 300 164.173 492.443
50 350 158.14 474.342
50 400 153.686 460.977
50 450 150.95 452.769
50 50 212.15 636.396
50 500 150.027 450
50 550 150.95 452.769
50 600 153.686 460.977
50 650 158.14 474.342
50 700 164.173 492.443
50 750 171.618 514.782
50 800 180.3 540.833
50 850 190.05 570.088
50 900 200.713 602.08
50 950 212.15 636.396
600 0 169.986 509.902
600 100 137.466 412.311
600 1000 169.986 509.902
600 150 121.367 364.005
600 200 105.444 316.228
600 250 89.7899 269.258
600 300 74.5757 223.607
600 350 60.136 180.278
600 400 47.1878 141.421
600 450 37.319 111.803
600 50 153.686 460.977
600 500 33.3865 100
600 550 37.319 111.803
600 600 47.1878 141.421
600 650 60.136 180.278
600 700 74.5757 223.607
600 750 89.7899 269.258
600 800 105.444 316.228
600 850 121.367 364.005
600 900 137.466 412.311
600 950 153.686 460.977
650 0 174.023 522.015
650 100 142.428 427.2
650 1000 174.023 522.015
650 150 126.96 380.789
650 200 111.837 335.41
650 250 97.2183 291.548
650 300 83.3717 250
650 350 70.7516 212.132
650 400 60.136 180.278
650 450 52.7502 158.114
650 50 158.14 474.342
650 500 50.0464 150
650 550 52.7502 158.114
650 600 60.136 180.278
650 650 70.7516 212.132
650 700 83.3717 250
650 750 97.2183 291.548
650 800 111.837 335.41
650 850 126.96 380.789
650 900 142.428 427.2
650 950 158.14 474.342
700 0 179.522 538.516
700 100 149.098 447.214
700 1000 179.522 538.516
700 150 134.4 403.113
700 200 120.217 360.555
700 250 106.753 320.156
700 300 94.3172 282.843
700 350 83.3717 250
700 400 74.5757 223.607
700 450 68.7598 206.155
700 50 164.173 492.443
700 500 66.7086 200
700 550 68.7598 206.155
700 600 74.5757 223.607
700 650 83.3717 250
700 700 94.3172 282.843
700 750 106.753 320.156
700 800 120.217 360.555
700 850 134.401 403.113
700 900 149.098 447.214
700 950 164.173 492.443
750 0 186.355 559.017
750 100 157.259 471.699
750 1000 186.355 559.017
750 150 143.4 430.116
750 200 130.201 390.512
750 250 117.883 353.553
750 300 106.753 320.156
750 350 97.2183 291.548
750 400 89.7899 269.258
750 450 85.0217 254.951
750 50 171.618 514.782
750 500 83.3717 250
750 550 85.0217 254.951
750 600 89.7899 269.258
750 650 97.2183 291.548
750 700 106.753 320.156
750 750 117.883 353.553
750 800 130.201 390.512
750 850 143.4 430.116
750 900 157.259 471.699
750 950 171.618 514.782
800 0 194.379 583.095
800 100 166.691 500
800 1000 194.379 583.095
800 150 153.686 460.977
800 200 141.45 424.264
800 250 130.201 390.512
800 300 120.217 360.555
800 350 111.837 335.41
800 400 105.444 316.228
800 450 101.414 304.138
800 50 180.3 540.833
800 500 100.035 300
800 550 101.414 304.138
800 600 105.444 316.228
800 650 111.837 335.41
800 700 120.217 360.555
800 750 130.201 390.512
800 800 141.45 424.264
800 850 153.686 460.977
800 900 166.691 500
800 950 180.3 540.833
850 0 203.455 610.328
850 100 177.192 531.507
850 1000 203.455 610.328
850 150 165.016 494.975
850 200 153.686 460.977
850 250 143.4 430.116
850 300 134.401 403.113
850 350 126.96 380.789
850 400 121.367 364.005
850 450 117.883 353.553
850 50 190.05 570.088
850 500 116.699 350
850 550 117.883 353.553
850 600 121.367 364.005
850 650 126.96 380.789
850 700 134.401 403.113
850 750 143.4 430.116
850 800 153.686 460.977
850 850 165.016 494.975
850 900 177.192 531.507
850 950 190.05 570.088
900 0 213.448 640.312
900 100 188.583 565.685
900 1000 213.448 640.312
900 150 177.192 531.507
900 200 166.691 500
900 250 157.259 471.699
900 300 149.098 447.214
900 350 142.428 427.2
900 400 137.466 412.311
900 450 134.401 403.113
900 50 200.713 602.08
900 500 133.363 400
900 550 134.401 403.113
900 600 137.466 412.311
900 650 142.428 427.2
900 700 149.098 447.214
900 750 157.259 471.699
900 800 166.691 500
900 850 177.192 531.507
900 900 188.583 565.685
900 950 200.713 602.08
950 0 224.236 672.681
950 100 200.713 602.08
950 1000 224.236 672.681
950 150 190.05 570.088
950 200 180.3 540.833
950 250 171.618 514.782
950 300 164.173 492.443
950 350 158.14 474.342
950 400 153.686 460.977
950 450 150.95 452.769
950 50 212.15 636.396
950 500 150.027 450
950 550 150.95 452.769
950 600 153.686 460.977
950 650 158.14 474.342
950 700 164.173 492.443
950 750 171.618 514.782
950 800 180.3 540.833
950 850 190.05 570.088
950 900 200.713 602.08
950 950 212.15 636.396
