2120 1300 0.00118364 520
2160 1300 0.00114058 560
2180 1300 0.00112075 580
2200 1300 0.00110192 600
2220 1300 0.00108397 620
2240 1300 0.00106696 640
2280 1300 0.00103477 680
2360 1300 0.000912035 760
2380 1300 0.000893132 780
2400 1300 0.000876535 800
2420 1300 0.000860615 820
2460 1300 0.000825432 860
2480 1300 0.00083339 880
2560 1300 0.000761355 960
2620 1300 0.000710398 1020
2660 1300 0.000695386 1060
360 1300 0.00180461 1240
2800 1300 0.000697314 1200
2860 1300 0.000697715 1260
2880 1300 0.000697902 1280
380 1300 0.00181914 1220
2940 1300 0.000693877 1340
2960 1300 0.000692176 1360
3000 1300 0.000686478 1400
3020 1300 0.000683267 1420
3060 1300 0.000676465 1460
420 1300 0.00183501 1180
440 1300 0.00183313 1160
460 1300 0.00182153 1140
480 1300 0.00179687 1120
500 1300 0.00175496 1100
540 1300 0.00158732 1060
560 1300 0.00144091 1040
640 1300 0.000695471 960
720 1300 0.00109083 880
780 1300 0.00105225 820
800 1300 0.00105601 800
820 1300 0.00106037 780
860 1300 0.00106684 740
880 1300 0.00106999 720
180 1300 0.00161633 1420
920 1300 0.00103483 680
980 1300 0.00108403 620
1100 1300 0.00120708 500
200 1300 0.00163813 1400
1160 1300 0.00128675 440
1180 1300 0.00131702 420
1240 1300 0.00142254 360
1260 1300 0.00146378 340
1280 1300 0.00150883 320
220 1300 0.00166016 1380
1320 1300 0.001613 280
1380 1300 0.00181969 220
1400 1300 0.00190849 200
1760 1300 0.00213368 160
1780 1300 0.00201169 180
1800 1300 0.00190849 200
1840 1300 0.00174222 240
1860 1300 0.00167388 260
1880 1300 0.001613 280
1900 1300 0.00155831 300
1940 1300 0.00146378 340
2080 1300 0.00123197 480
2100 1300 0.00120708 500
