2120 1300 160.905 520
2160 1300 173.278 560
2180 1300 179.465 580
2200 1300 185.652 600
2220 1300 191.838 620
2240 1300 198.029 640
2280 1300 210.378 680
2360 1300 233.629 760
2380 1300 239.312 780
2400 1300 245.009 800
2420 1300 250.696 820
2460 1300 262.013 860
2480 1300 268.03 880
2560 1300 291.66 960
2620 1300 310.051 1020
2660 1300 322.583 1060
360 1300 390.727 1240
2800 1300 366.977 1200
2860 1300 385.882 1260
2880 1300 392.156 1280
380 1300 384.614 1220
2940 1300 410.928 1340
2960 1300 417.169 1360
3000 1300 429.639 1400
3020 1300 435.868 1420
3060 1300 448.308 1460
420 1300 372.408 1180
440 1300 366.318 1160
460 1300 360.238 1140
480 1300 354.167 1120
500 1300 348.104 1100
540 1300 335.981 1060
560 1300 329.872 1040
640 1300 300.638 960
720 1300 278.989 880
780 1300 257.739 820
800 1300 250.88 800
820 1300 244.034 780
860 1300 230.307 740
880 1300 223.453 720
180 1300 445.966 1420
920 1300 210.426 680
980 1300 191.84 620
1100 1300 154.718 500
200 1300 439.815 1400
1160 1300 136.158 440
1180 1300 129.971 420
1240 1300 111.411 360
1260 1300 105.224 340
1280 1300 99.0372 320
220 1300 433.666 1380
1320 1300 86.6639 280
1380 1300 68.1042 220
1400 1300 61.9179 200
1760 1300 49.5456 160
1780 1300 55.7318 180
1800 1300 61.9179 200
1840 1300 74.2907 240
1860 1300 80.4773 260
1880 1300 86.6639 280
1900 1300 92.8505 300
1940 1300 105.224 340
2080 1300 148.531 480
2100 1300 154.718 500
